L1 = 100;
L2 = 100;
R = 20;